25
4
16
-27
36
-20
-42
-28
19
3
-27
-39
-34
-16
23
45
-21
-27
34
45
15
-48
13
-32
-30
38
-9
-16
26
14
-21
26
7
37
8
-12
-40
-19
22
14
-17
-21
23
-30
29
-28
-33
-49
16
-1
11
38
36
-25
15
-50
27
-47
26
-36
-38
-1
42
-14
-26
-9
23
-25
-24
-12
-3
-33
6
39
-10
-25
-8
-12
14
-28
-26
-26
-46
-9
30
-11
-20
19
21
-28
-17
31
36
-47
21
-36
36
40
-23
-9
-20
-23
-47
-15
-25
-24
20
-36
-31
-7
24
52
-37
31
-4
34
34
46
-7
-16
-34
-25
-19
29
16
-23
23
37
-12
38
17
-33
-42
35
-16
-21
-26
16
17
-29
40
-26
20
41
-33
35
38
27
-31
27
11
43
-26
-35
-18
-25
-20
27
-11
-46
-7
5
-29
22
31
28
-21
-25
17
-18
-47
-19
29
0
-5
-38
-25
-38
36
44
27
45
-36
-39
-35
17
26
-28
52
-27
35
2
-15
43
-16
32
24
29
23
30
-25
-19
-38
-33
-28
-29
12
-29
-35
-43
-22
20
32
25
-35
-23
63
9
24
22
31
-5
-42
28
-4
27
-36
26
-35
38
14
46
1
10
-25
7
-29
7
25
30
-26
-22
16
-36
-48
31
32
41
-23
15
35
-30
-1
9
47
-45
32
44
-22
48
-52
31
-11
8
-28
-32
26
-28
37
23
46
-23
-42
-11
17
-12
31
-19
32
28
17
20
9
23
8
-37
15
16
-16
4
32
37
-9
-35
21
18
57
-8
-36
-12
-34
42
-24
17
42
54
32
27
36
16
48
-41
25
10
29
28
-33
-41
-27
-31
-48
-15
-27
26
-27
18
-19
-10
-27
-32
41
-42
-39
-33
-3
-14
-14
26
32
17
27
-40
-22
-6
9
-23
-58
31
13
17
40
-20
1
34
-27
20
-18
26
-19
40
-20
45
28
13
24
27
31
20
-47
23
-24
32
-15
13
-31
11
-36
-2
16
-7
24
45
46
22
-41
-25
21
-2
23
39
15
41
38
-24
33
8
-21
-12
30
26
-28
50
27
18
9
20
-42
17
38
-26
-18
-17
28
-27
-19
-34
25
18
38
57
-20
39
-53
41
-21
6
16
-22
14
21
28
31
22
-18
40
25
19
63
38
-20
-19
-39
14
22
23
4
-22
-36
38
-16
-35
-32
-25
2
-8
-54
17
-4
-22
29
17
-29
-31
5
-9
27
-31
-34
-20
-19
-6
-25
-37
-34
15
-20
-6
-35
22
-46
12
-28
-26
-14
38
-22
33
22
-18
16
21
-2
-1
11
35
-4
-41
38
40
-34
-12
38
29
17
19
-23
-40
-12
-51
15
-47
-28
21
-29
32
9
26
24
-40
-12
40
33
-31
18
41
28
25
27
24
-6
-46
-49
-35
16
10
43
29
-9
18
13
31
9
-20
31
21
-22
-18
45
19
29
31
25
21
-12
26
-21
-15
19
-22
59
-44
-26
-10
-29
19
40
-31
40
20
-33
-24
31
45
-31
23
-27
27
3
29
-43
15
-31
-39
34
10
-31
-27
-31
18
17
20
-26
-22
21
-17
-24
40
-32
26
-48
29
-16
-14
7
26
38
29
41
14
28
-18
-7
18
19
19
-38
20
-37
-25
11
-13
11
36
-19
1
35
7
-37
-22
43
-16
-40
12
36
-19
35
-32
-27
-25
-29
-28
-35
-21
33
-16
-18
28
20
-15
1
-37
-20
26
-40
21
24
-22
21
34
31
-48
-29
31
21
48
33
26
24
13
-22
-7
32
33
17
-41
24
-9
-14
-39
6
-37
22
24
-41
-60
39
-27
-44
-12
-23
-28
13
-16
30
20
-22
45
-14
-33
-28
18
-33
-7
54
26
-47
18
-21
25
26
24
-27
37
49
19
-37
-23
10
-12
34
4
28
-25
-12
13
30
-28
12
37
-16
-40
-20
-12
-30
-44
33
-22
26
-15
44
24
-21
7
35
-19
49
26
-17
23
-22
-23
28
12
29
-29
-40
-23
-36
-6
-39
31
-11
-46
15
23
19
45
-24
-26
-33
-30
33
20
-32
15
-27
-10
18
-17
31
13
30
-20
-30
30
30
-23
31
22
26
10
52
-28
-17
-35
14
-50
-21
16
27
32
44
19
9
28
-19
-25
-40
28
25
36
-48
-18
11
28
38
-59
-11
-39
13
22
36
27
-15
18
-17
40
-31
10
-22
-19
-35
27
8
31
-24
41
-33
20
55
43
-21
-48
-40
24
35
-11
-20
11
34
22
38
-11
-45
31
28
26
-8
-21
34
-25
15
47
-29
33
6
-14
34
-37
46
-12
11
34
38
25
12
38
21
13
27
-26
9
-14
7
15
-31
-25
10
21
2
8
-19
-7
-37
29
-51
-16
-41
-14
-21
-17
41
-43
-2
-27
45
15
-49
-30
29
8
5
33
28
-5
-29
-15
-10
0
-34
56
36
7
32
-24
-10
34
-31
13
8
26
-19
9
27
29
-40
31
33
-34
21
53
-43
9
-32
41
-17
1
43
-3
-31
15
-15
10
15
-13
36
-26
-11
27
2
0
22
12
-20
25
-32
17
-48
12
26
-12
-34
-27
33
-36
-3
15
34
-42
-18
-27
-18
-46
-36
20
-48
46
49
-15
9
7
-11
49
29
9
28
-21
52
-28
34
-26
-35
13
-11
25
-19
-34
-38
20
-36
15
-18
-32
14
-29
45
-35
-25
14
18
-16
12
28
26
-27
30
-32
-5
-28
42
-28
-39
-24
-30
-29
27
30
-38
-35
20
-16
-24
-44
-22
-14
-36
-3
-25
-25
-38
38
-10
-10
16
-33
37
26
-26
-22
43
-37
24
19
44
14
-33
-17
-29
17
11
-45
25
28
18
-20
-25
-17
-34
22
6
-26
-37
6
-30
-36
-44
-14
-15
8
-2
-18
57
21
39
17
-12
-28
20
36
2
