-34
15
11
-39
61
-5
-2
-15
-44
-34
25
3
20
-1
19
-24
12
-24
35
18
-19
-57
-6
-29
-2
41
46
-19
25
-42
39
20
-13
-8
-7
34
-34
38
-21
6
5
29
15
-29
23
-24
4
-16
5
-2
19
-4
23
-14
-66
28
-28
-17
26
25
-47
-4
16
-28
-27
33
36
-31
-48
-35
-48
49
9
-9
-14
-35
2
2
0
42
6
-46
-9
42
-23
8
-15
-28
16
-7
25
21
12
4
-6
6
34
2
21
-7
-11
19
24
-19
2
-9
-24
-35
54
2
2
-21
28
4
41
-17
-18
2
-16
-39
11
17
15
22
-19
16
-1
-5
31
-22
42
52
-27
8
6
-26
-50
-21
25
-9
-6
-33
-25
27
2
0
-18
3
24
40
-25
16
-12
-36
4
-69
31
27
11
-1
37
27
-30
2
25
5
21
25
-2
-50
39
-12
16
0
9
38
27
18
-18
24
-2
-5
-17
32
27
12
8
-19
-53
-25
-11
-28
12
-15
38
-12
22
-26
-56
-27
-7
15
53
66
39
-25
5
-21
25
-4
10
27
16
4
17
12
68
-13
-25
35
23
9
10
-3
-20
41
9
-4
24
1
36
25
1
4
11
-2
-7
26
-6
-35
-4
-30
-33
-26
0
-10
39
37
-46
-28
-34
28
-12
-27
3
6
30
18
-2
10
50
-42
36
26
16
2
-5
-34
-27
-16
40
-2
2
-10
-16
47
-19
-19
-20
-20
22
-6
27
9
-61
47
42
39
-24
8
31
-10
11
-12
42
17
36
52
1
4
7
0
20
16
41
48
-25
60
-12
21
-26
-22
1
-7
2
-8
17
-64
7
0
9
44
0
21
40
-12
5
2
5
2
-14
-12
18
34
17
30
36
43
-28
-26
-8
-44
26
2
-6
-7
33
-4
16
-44
19
-9
17
20
24
-6
-28
17
-15
6
25
-12
-30
62
-9
44
31
-4
7
-13
-18
-19
-2
53
-15
-24
41
-10
-13
-9
-2
59
-6
11
-30
1
12
-8
32
29
9
3
34
31
24
-10
32
51
-10
18
20
-87
4
-25
17
-32
-5
-25
-3
-43
-71
5
14
-18
-2
13
-15
-18
-39
-3
33
-10
17
11
7
-14
46
-58
-14
-10
3
18
35
-9
-46
10
1
-14
16
15
-17
18
10
-17
2
-17
13
24
-18
-20
14
-10
-7
-1
-30
-26
-15
-8
22
-12
-20
41
-12
21
-49
-35
9
21
12
11
-6
-9
17
8
15
34
22
-16
-8
31
-23
-6
29
21
-13
30
25
-32
-7
-28
-7
-7
-5
-3
10
30
-38
-27
-3
-63
-2
-19
29
-12
-2
23
7
10
37
16
36
-4
0
39
-18
43
36
31
-10
-25
-26
30
3
-15
3
17
-22
25
-12
-21
16
26
50
-6
24
37
-14
25
5
19
-37
15
-14
36
46
11
27
-36
-36
-37
61
24
28
27
80
50
-2
41
-44
-18
16
38
26
25
28
-49
29
-17
59
18
12
5
11
-39
-26
12
19
-29
11
22
63
-4
-48
-22
21
32
13
-38
-53
-14
-29
-41
-39
-15
30
-10
3
25
17
1
-3
-9
28
23
51
-4
-22
-2
-39
-10
64
19
-14
4
-5
-1
-29
-6
-2
1
-6
-30
-38
10
-5
-27
5
-43
33
-46
48
28
-22
27
6
-55
10
-7
-16
-30
-44
-2
18
48
10
-14
-14
0
2
-4
-12
51
5
-9
-17
32
-38
-24
-12
32
-15
6
16
3
-15
-39
48
-40
-7
2
-42
-48
57
-9
5
-7
17
-13
-20
-6
11
10
28
14
6
12
0
12
4
7
2
3
-43
-30
-10
31
-24
-18
15
27
6
-36
6
6
-30
22
32
22
52
-17
3
1
0
2
17
22
1
21
-35
-47
20
-21
13
-25
-9
-57
-12
41
23
29
-14
32
-43
10
28
-13
-24
3
-16
24
-4
-51
6
-25
8
-27
26
-5
25
-12
31
45
-29
-9
-18
4
2
17
-12
25
-2
-19
-27
33
43
-4
-32
-14
25
-26
-38
-14
-24
15
-39
18
-26
-68
25
34
7
54
14
-14
-3
-29
-31
-15
-2
49
-33
6
-8
19
-20
37
-46
47
-6
-32
-17
19
-21
-39
-32
-20
-15
3
14
3
46
-20
-20
22
-13
19
-13
30
11
17
-4
3
-35
0
6
19
16
12
-31
45
5
-1
9
-7
0
-26
31
32
-34
-29
-28
5
-53
-2
-6
-33
-29
36
39
-28
-6
-26
-12
0
41
5
-29
-33
-41
14
-4
-11
30
25
-8
-3
19
-31
-31
37
14
9
-5
17
38
-4
-3
20
-1
-27
-11
12
28
-60
-18
5
38
1
28
21
31
40
-19
2
-29
-23
-5
34
45
9
12
-25
-37
-12
-12
9
14
-11
-17
24
-2
23
6
5
-19
-35
-61
36
-6
-17
6
-3
-1
23
-16
-31
-33
-68
27
-33
29
-6
-36
-26
-20
-38
-38
-9
17
29
17
3
9
29
30
13
-22
10
43
-14
30
-17
28
14
-18
-7
5
-5
-1
-2
10
11
-38
-15
-26
7
-10
-24
18
-14
17
25
25
49
-25
-42
33
26
11
-19
17
5
27
-12
28
14
-35
13
-6
17
-25
-8
13
4
-34
17
-12
-17
-21
8
-28
-15
28
24
-18
-2
3
-21
-19
39
-44
-10
-62
-16
-5
-41
51
19
14
-76
4
10
21
0
-9
-15
-74
-26
-47
-26
0
-17
-19
-35
12
22
-6
7
1
17
-4
-5
-53
1
31
-19
-35
-14
36
27
-26
10
3
22
-29
-13
27
9
-35
-48
7
-28
-28
-17
44
6
-35
-5
14
-13
-13
-46
8
28
30
-16
2
9
5
45
25
-11
30
24
-25
24
-16
-29
5
-58
-12
-48
0
17
1
-11
12
7
-25
11
