-32
65
-23
48
36
43
25
33
-20
-34
35
-4
1
-37
33
7
36
-2
-28
-64
28
-64
-15
-26
65
35
19
66
-6
1
-64
6
2
19
1
13
-36
10
45
51
-33
-48
17
12
-65
-6
-26
20
-27
89
11
35
-68
15
-16
-17
72
52
36
37
10
9
120
17
2
-24
-22
26
0
53
-27
-11
-15
25
-2
29
73
-47
-39
-55
18
32
4
-32
48
-22
12
12
-20
-10
46
-55
2
-6
36
64
-70
-1
21
-30
16
36
18
-53
81
-30
63
25
-35
16
3
-7
-1
-24
46
24
58
57
42
3
10
-7
-13
-28
-27
-15
2
-30
-8
-17
-51
28
36
14
-41
50
12
-19
-46
-48
-59
-11
-4
80
16
-25
105
-9
47
-14
45
-20
63
-28
14
-56
21
-49
35
-17
-16
27
13
-48
-7
40
-25
-11
-17
-9
31
-33
-20
-20
18
40
37
42
76
76
-8
24
11
8
-6
-3
-30
-22
2
-50
-11
-42
-35
-11
11
-3
20
40
42
-21
11
-22
-1
17
-105
22
8
-15
92
37
-6
-8
25
15
10
-20
26
-26
22
-17
-59
62
57
21
-73
18
15
42
77
-47
-30
70
51
-96
33
-4
6
-1
-20
-6
-8
27
-21
15
37
-52
-54
4
-3
-41
0
43
-68
-20
0
17
36
-84
-22
65
-40
71
12
-1
56
-2
-16
-78
-20
-1
65
29
52
-45
-42
25
38
-15
2
6
-32
-24
7
-10
48
-3
-20
-21
-39
-18
51
54
-17
-6
-24
-29
-48
15
-4
-28
-13
-9
-12
11
-29
-1
50
28
-31
-49
16
-21
57
-18
52
-26
5
-18
44
32
51
-11
-75
50
-25
-31
5
36
10
-18
-29
-51
-52
90
-12
29
0
5
19
-18
3
-50
9
-13
3
-13
11
8
66
11
50
54
-35
32
5
41
-36
82
-22
-19
80
13
-36
-13
-5
-13
-19
-24
47
7
19
43
-5
18
23
0
23
-23
53
-10
69
-11
-21
44
16
2
60
-44
-19
-31
-30
9
17
10
-90
4
15
55
62
6
-17
16
23
-62
-15
54
-39
-15
-37
20
16
-29
-53
4
52
45
35
8
3
-23
27
-10
-4
25
55
46
-22
-29
49
10
-53
4
25
36
-9
52
-34
50
-37
-59
6
1
14
1
2
26
40
-37
-11
47
-33
9
-28
-56
-50
6
-2
29
-39
19
-61
-20
-16
-6
0
1
-29
20
-27
-3
-7
-3
32
10
-76
10
80
-61
-62
-67
-26
1
-44
2
-18
39
27
26
37
-40
3
31
-28
-38
-36
-31
9
-19
13
-12
90
-123
16
20
-71
16
-57
43
22
55
-11
-10
-9
-46
100
28
-17
5
39
78
35
-28
5
-15
39
-50
10
-5
-53
63
-51
36
51
12
-1
-3
15
-4
68
-19
9
28
37
-8
-15
11
-26
-29
-12
-13
7
-15
-7
-23
68
4
-23
-16
-31
29
8
0
57
72
27
32
-10
-15
-16
30
11
-14
-37
-10
69
1
-13
2
-24
-29
-40
-62
-30
11
88
-36
-19
-11
8
-7
-46
23
-29
16
-6
21
3
20
29
-6
10
-44
16
-41
5
-73
48
-67
-17
45
12
60
-89
66
44
53
28
47
24
-71
24
44
12
101
11
55
86
52
87
11
39
15
61
-35
-52
49
-19
34
3
-25
49
-49
-24
-49
32
-41
-25
22
-8
1
-50
-29
-17
-27
-7
-35
27
35
-16
-1
31
56
-40
-38
59
-43
-29
-2
-42
5
-93
14
-1
-3
11
12
-63
-46
10
-4
-38
-26
-76
-48
-34
-11
-22
-8
1
5
-17
-18
-4
34
-32
4
-35
12
9
-39
25
-1
9
-58
-3
-35
-60
-24
-45
-1
17
-8
47
-18
-32
36
71
-11
14
-24
42
-40
93
90
14
-29
-24
2
-60
80
-15
-4
-20
22
9
-42
31
23
-22
-62
20
12
-21
22
-10
72
6
15
3
-14
26
-32
30
-18
-47
-33
-25
-36
-20
-9
-34
-34
-8
8
-9
6
21
-5
-23
-47
19
18
29
66
24
7
36
-12
46
-33
-12
18
-1
-91
9
-22
-15
11
21
9
-30
21
-2
-17
32
-28
-23
24
27
41
6
7
-51
4
18
22
87
-24
-26
-11
38
27
-63
-25
7
-58
39
-34
19
41
-42
-58
-30
-62
18
-46
5
19
3
-25
-21
-34
23
13
46
18
13
-29
-54
29
-1
-13
28
25
7
31
103
-20
29
17
-38
-46
-28
23
41
29
24
16
-15
-16
-13
47
-49
-47
-12
31
-16
6
46
-63
14
15
4
36
49
27
9
38
-8
17
-38
22
-17
-15
43
-8
-5
23
7
33
18
7
-46
5
-46
48
-9
83
-84
48
71
-15
-5
62
-7
38
103
30
15
-4
-32
5
18
44
-70
11
-47
-27
-37
8
71
-42
60
-52
-28
-34
19
-71
45
-8
19
-19
26
-15
31
-29
-3
55
-41
-20
54
-69
31
32
55
14
52
-38
27
6
22
43
4
5
2
-10
-31
-13
19
-20
18
1
8
1
-46
-46
-7
-2
-61
11
13
-18
22
42
-32
29
-1
7
43
72
5
31
38
24
57
2
-36
48
-8
-34
25
20
33
-23
-59
16
-43
9
-25
-16
30
2
9
5
12
-61
-3
3
38
-57
8
3
12
-14
3
-10
-57
18
-9
-13
32
4
47
-20
-16
-8
4
-60
-13
80
63
31
-68
-46
36
4
-25
9
-36
1
-8
-54
-19
-28
39
30
24
0
1
-29
-55
-33
36
-14
39
15
-78
-9
-75
43
5
-16
-37
-21
15
-26
31
24
-6
-2
-77
-7
-64
8
-3
115
80
8
38
27
27
-46
9
21
96
-9
-4
9
-24
26
-4
38
9
-28
47
-32
-34
-11
-13
13
