-65
-17
7
-19
22
-128
-24
-17
34
46
47
-6
3
-68
67
94
-17
-117
7
-27
52
59
97
-109
-11
-3
103
-86
127
79
-12
-45
-89
14
11
-18
38
-51
39
-21
-56
29
-67
69
-17
-32
10
36
95
37
29
-25
-11
62
96
-76
-53
-75
-60
91
-96
-22
81
-33
54
-67
101
-52
4
18
-29
-29
-9
14
78
19
51
8
-11
-12
-35
-40
69
-45
22
7
116
-17
-3
19
-121
127
51
48
20
-24
-76
-62
-17
67
-70
49
-41
96
-67
-128
85
-25
64
-13
-33
93
89
-74
-5
-22
-128
41
58
11
-91
71
127
-75
-58
126
-14
29
10
75
12
-128
127
-13
16
-128
-17
77
-26
70
34
23
20
123
-67
-128
39
-47
-35
-15
-7
-18
31
-89
-2
-47
-10
127
-71
-23
-19
-121
-116
-36
22
42
-69
83
30
-44
5
11
34
-103
-3
17
-128
-71
-29
-41
39
16
22
-72
-2
74
33
102
4
-12
44
116
29
-35
-15
58
-10
1
-45
-31
37
-21
27
-48
90
-119
-19
14
71
64
39
65
-57
94
-51
57
63
80
60
70
-8
16
-70
59
-128
60
43
-99
-53
1
-82
-31
-20
-48
-60
37
20
-89
5
-11
45
-48
58
21
-84
-16
-1
-46
56
24
-128
17
-67
-29
7
-32
102
-63
127
53
-127
-35
96
-36
-99
-42
-4
71
-47
43
-3
53
-128
56
102
44
-27
-101
-109
-2
-17
-114
24
68
53
-128
83
43
6
-8
78
-30
37
-23
6
17
56
4
15
-52
-128
-128
-64
-23
-43
-110
-119
39
92
-10
96
-24
-11
-10
-19
-50
2
-61
0
36
43
-40
127
6
86
17
76
11
-20
-88
-102
-24
38
-48
-5
97
-31
0
-13
7
55
27
24
-61
33
-27
62
118
-64
-58
28
-47
-12
-119
-55
-67
-75
127
5
15
-49
-62
6
15
127
8
126
84
76
-45
-9
4
-128
10
85
-33
-6
-113
-111
-60
66
-92
54
13
-17
14
57
39
26
75
61
99
17
50
-128
-65
-115
46
-22
56
33
22
61
-39
-5
63
-34
-128
127
-13
15
-56
-6
-12
7
-45
-21
-8
12
-80
-70
-8
-39
126
-2
45
110
13
-29
-58
6
69
-86
28
-13
101
34
8
-57
24
-34
9
30
34
12
18
1
-89
-77
50
125
17
-12
-2
11
59
-65
21
14
-54
72
-82
-17
-126
-71
13
-72
47
-15
-36
-65
33
34
42
-76
-99
77
-128
-78
-49
96
-27
-57
-35
32
-26
-48
3
35
-89
81
-85
-69
-128
-128
22
-9
-63
53
-60
103
-80
20
12
66
14
-56
-128
-4
8
-73
-12
124
-66
-63
0
17
5
-10
47
-18
17
92
-26
51
102
17
98
82
57
27
49
45
85
-89
46
29
-77
-32
-128
-49
-6
-35
36
45
57
73
37
13
16
-15
-78
28
-41
27
26
22
75
-7
85
26
47
-47
-20
30
14
0
13
37
20
-38
49
-112
-22
-76
60
44
86
33
-91
-128
31
-56
-24
41
14
-5
26
6
25
-59
127
83
35
17
-19
13
33
-51
-55
-20
-23
127
8
-55
-89
105
4
-55
114
-70
50
69
-79
-58
64
-6
-37
-84
101
56
98
-25
-12
11
27
103
-5
-10
-17
45
4
16
-56
28
-21
126
-128
71
-69
18
-30
67
121
28
-38
39
-49
-96
26
-48
-116
-3
90
-1
-3
-17
5
59
7
-62
-71
-26
-25
-48
-2
55
-118
-4
38
-43
69
10
-30
-36
-57
-8
-85
-57
18
71
35
-38
64
48
-22
-17
5
1
-105
115
-41
6
1
-37
-35
73
78
123
5
-66
74
29
-66
24
97
2
67
41
-4
17
43
29
95
6
19
-45
-6
-6
-19
31
-14
26
21
73
-4
68
75
-15
-7
-128
17
-24
37
127
27
95
17
-62
69
-39
38
-92
-104
0
-17
25
52
6
67
-27
22
-21
54
-69
-17
-76
-65
10
-36
-1
-38
-68
95
-82
-35
-35
-38
-23
-119
-61
53
-15
42
46
127
-30
-87
-39
-42
43
-13
-9
-63
35
-77
66
16
24
9
4
30
35
51
-36
-39
-16
-9
34
73
-12
-3
89
32
-18
-9
-5
127
1
-32
125
-30
-36
-72
77
-14
51
-43
33
56
48
-19
104
76
-128
-59
11
23
16
64
103
6
87
46
-9
-82
62
25
-128
30
-89
127
-86
45
1
-124
-46
-14
-15
54
-46
48
-29
64
-63
-35
127
-59
47
43
1
-103
-94
-26
-91
-50
127
68
36
3
-33
72
22
-69
53
19
-87
14
-35
-3
-77
6
-29
43
-13
-92
-85
-102
25
27
-30
52
24
58
127
127
6
9
47
-77
12
54
43
127
21
-86
16
-87
8
-18
-6
41
50
-59
113
-74
-13
-31
-5
70
-12
26
-40
-11
54
-74
52
60
76
92
127
64
12
-38
87
-24
-127
36
119
-128
25
39
-120
-50
113
-4
-41
20
-17
79
-45
-49
-89
-2
98
5
-24
124
-96
-22
83
-128
-28
-35
-127
7
96
-116
-50
4
40
127
-59
-88
15
53
127
3
41
52
-18
117
67
53
-33
13
-27
-15
10
66
-49
14
55
65
7
59
77
12
-10
79
127
63
-17
102
-75
127
-100
-59
3
67
-25
77
-3
-50
75
81
-81
67
-16
-37
61
-22
53
25
42
-38
5
-18
127
118
-20
56
84
51
36
28
-93
41
-31
-6
92
-42
-73
-4
-39
36
26
120
-48
127
-21
-50
-28
-20
-91
127
-86
-19
102
20
76
110
-74
-27
-2
83
14
10
34
-55
-66
18
-28
127
58
-27
-66
54
53
-27
72
53
46
-33
42
79
109
-67
19
-5
47
116
-67
26
77
20
-100
-11
-6
127
