23
-26
33
-29
36
-25
-53
-25
-32
-14
23
28
43
18
22
29
-21
-33
-16
-33
3
-32
29
-30
31
-31
27
-16
48
27
-21
-19
-35
-10
-41
33
29
-28
-31
-20
-2
37
24
27
34
34
27
-31
41
-32
32
-22
38
34
43
-34
34
33
-18
-29
20
-23
-36
14
-7
44
4
35
17
19
1
-25
-38
-13
22
21
21
23
50
14
32
-33
-40
41
-24
-27
15
35
-33
22
25
-45
43
14
31
-33
24
28
-41
-29
-28
19
-27
24
28
8
-31
29
27
21
19
27
-27
12
-47
-14
-13
17
-32
-34
48
38
19
15
-32
18
28
17
-22
33
24
17
-26
16
-16
23
18
24
37
-25
-11
27
-19
29
13
25
19
-29
34
36
23
36
-12
36
33
-26
-30
20
34
27
33
20
37
17
40
-28
37
29
-22
21
33
28
-39
-13
-15
-40
-32
-34
-28
-10
-22
32
20
-21
28
-17
23
22
35
26
35
23
-24
29
-35
-32
17
29
-24
-29
44
42
-37
-47
22
22
26
36
27
29
25
27
-17
-42
-39
18
38
-45
-34
15
15
-21
31
-23
-26
17
28
-19
15
47
20
-6
-29
19
-28
-19
23
28
-33
19
-18
-31
40
-45
47
-44
27
-31
12
27
-23
4
-30
-27
24
39
-30
35
-4
29
41
-27
19
-31
36
-22
25
35
36
20
-37
-20
-26
31
26
-30
-39
21
31
19
9
16
-32
-28
25
-32
22
-42
-24
23
-18
-27
-19
19
-17
-32
-30
-35
27
-25
-31
12
-15
-33
-21
-34
-17
46
-23
-27
-31
35
-10
17
-20
-12
-31
-26
-31
30
29
32
-27
-26
-27
10
32
24
-21
18
-32
-31
-39
22
27
-21
-34
46
27
-18
-30
-26
-40
-32
-16
22
-35
-18
-22
47
14
-30
43
-49
-29
-15
24
29
37
17
-17
20
-41
42
-26
-5
-30
31
-18
-29
29
-15
-30
30
-41
22
39
27
-24
-26
16
27
16
20
-27
31
-27
28
-35
32
10
-10
20
28
9
35
41
25
39
42
-37
32
20
32
-24
37
-19
-25
32
27
10
-33
-26
17
32
-23
27
25
-22
-28
-19
-20
43
-28
28
34
10
-27
-14
-31
33
-21
28
28
-5
-31
28
-22
34
-28
-30
-23
45
-18
28
-24
-28
-37
14
34
11
20
12
22
-30
32
26
-20
33
-35
40
19
11
-30
30
-26
-20
-29
26
16
-35
18
-20
27
31
-21
-24
15
34
7
14
26
-30
24
-17
3
16
45
35
14
-24
-14
-14
26
-26
26
-45
-25
-15
23
26
32
34
23
-34
26
26
33
-31
25
-38
27
16
2
22
20
-7
43
-26
8
52
-36
33
-40
-34
29
-10
-18
25
-43
-34
-38
29
26
-25
38
21
32
-30
23
20
27
-30
23
-17
30
-27
23
9
-23
-38
-34
14
-25
34
-26
19
12
-28
4
23
-19
-19
36
-34
-13
48
37
-28
-34
-38
42
10
19
20
27
26
47
-9
-22
-33
-11
-21
-6
21
-23
26
-32
33
-35
-35
2
-17
39
-31
-28
-27
29
30
-22
19
23
-33
11
-22
-32
40
-39
29
-16
-23
35
32
12
21
-13
-25
-30
-26
-30
-35
-30
28
13
-32
-36
29
-23
33
-23
22
21
27
31
-19
-46
-19
-6
35
-28
-25
26
-22
38
-10
-11
-17
20
13
6
21
-18
-22
0
24
37
-23
-19
-49
31
-27
29
-27
18
-16
-38
-40
-23
25
35
-18
-20
-35
-20
17
-25
34
30
-33
-28
29
16
-12
-21
18
-27
-40
-31
-34
11
-30
12
-19
-29
-20
16
22
-32
-37
34
-1
30
-28
-23
20
36
-35
-26
19
16
-21
12
-29
-32
-38
48
19
15
55
-17
-16
30
35
23
-15
20
30
-22
-18
25
-41
-23
24
-26
-13
-25
19
-11
20
-24
38
19
-20
33
19
30
-33
32
36
-32
-34
14
8
21
-21
-29
34
30
36
-18
-35
-37
7
13
-23
31
34
20
26
26
-24
-23
-35
21
-30
6
-36
-45
28
31
-36
20
16
-19
27
-34
-26
-28
-23
33
-26
22
-22
27
18
-15
-41
-7
24
19
31
-14
28
33
26
-29
24
-9
23
39
-20
-20
18
-36
-33
-38
-31
-32
36
36
13
-23
-24
13
-27
22
-10
-23
-38
-37
-20
-27
-35
30
34
-28
-39
34
-23
-24
-27
-37
-30
26
29
32
-26
17
-24
-33
-41
35
-4
23
15
27
-17
-30
13
-10
38
-38
30
-18
27
-17
-21
42
-16
38
-33
24
25
28
19
40
-15
-27
-30
-17
-6
20
22
32
30
-7
18
-35
32
24
-9
-13
23
38
-21
29
21
27
27
27
16
21
24
24
-31
-23
36
25
30
24
-41
13
24
-11
33
17
-32
-25
-23
24
-37
26
-14
27
-45
-32
27
41
26
-27
28
14
-13
13
31
43
-9
-30
26
-29
-19
-44
36
39
25
38
-31
-27
16
3
-26
-14
-19
34
-18
22
40
-7
-32
-36
20
36
23
39
18
-34
-18
22
-20
37
-35
31
34
-26
-38
29
23
28
11
-18
-29
-30
-27
36
20
-40
13
-11
-18
-25
7
20
33
26
-51
-19
34
34
19
-32
36
25
10
8
-54
38
-25
-14
18
-25
-23
-31
-25
33
22
-21
36
-33
30
-18
-14
-37
25
7
20
37
29
18
40
-24
30
27
-28
-57
-24
-28
24
-22
-37
31
31
28
8
25
-14
27
18
-18
26
34
-35
-40
-9
-48
-53
41
-13
-37
-40
-27
27
34
-23
-36
-23
25
-24
-33
12
-34
35
-24
44
33
17
38
30
-37
-31
-34
-9
30
21
-19
-12
34
28
36
-32
29
33
18
-24
50
35
-33
6
-33
32
-35
