-27
22
-18
5
26
-23
-18
-2
-6
17
11
34
-12
-4
-15
11
41
-21
19
12
33
19
-3
-15
-9
21
-28
-3
-15
23
-6
23
-15
13
56
27
-25
10
32
-5
-7
-14
4
24
17
23
-31
-5
-7
20
-3
-26
-39
-1
-22
12
-13
-28
4
-11
-6
15
4
-29
12
6
-36
-3
-19
-17
-30
-23
17
-23
26
24
-16
33
15
29
36
13
5
50
31
-22
-8
18
14
-17
35
17
-25
-20
-11
-14
-29
-23
9
15
31
-30
-4
35
-46
8
-25
-24
-1
7
23
-12
-35
50
-19
-9
-31
18
-4
5
-10
6
-36
19
-10
-39
41
15
6
19
-7
-3
8
-32
5
-6
-19
-34
26
1
25
-6
-8
16
15
27
-2
-40
-9
2
-9
23
-14
-2
0
-8
10
26
3
20
-35
23
15
-19
42
-10
-33
-9
33
-16
30
21
-17
-26
-6
-25
12
-6
1
-9
17
-28
-4
-37
5
19
10
-2
24
26
13
-25
-16
-10
-19
-24
-5
-27
0
-37
-19
-34
35
-30
13
-37
-1
39
-19
-21
-31
16
4
-51
15
1
-12
-39
7
24
7
-5
0
30
-32
2
-51
8
-9
-17
-33
-13
22
46
17
1
16
-37
19
19
-45
11
21
1
-4
-18
-22
35
6
32
-27
17
-14
17
19
13
19
-35
-16
25
15
14
5
11
20
-10
-33
3
-22
-9
-22
11
-2
-5
29
6
-18
-28
-14
-21
-11
-15
30
-50
19
11
21
21
0
-23
19
-27
26
-18
-24
-26
19
20
-37
-9
11
12
19
-7
-50
-7
12
23
19
6
-19
2
20
15
-24
-23
-3
32
-2
36
30
-31
-25
-26
18
-14
-16
-15
-7
-9
-7
-12
0
19
-14
6
3
-4
-5
-17
12
8
-12
-40
-9
-4
20
-1
19
10
8
-32
-13
-21
-10
19
-20
30
-15
-1
-3
23
-14
-11
15
-4
-30
-33
15
33
-30
32
6
4
24
-10
-6
-23
32
29
13
-26
17
-3
-27
27
-20
-3
10
33
-65
-35
17
19
5
46
-6
9
-7
34
28
22
30
-22
-10
-16
-24
-2
13
30
-4
-14
-31
7
-23
23
-14
-1
-19
-16
-25
-15
-37
-21
-11
-8
19
19
-45
3
3
4
14
-3
-16
22
29
-6
1
3
-26
-6
20
23
-23
-19
28
-28
-31
20
1
37
31
-27
20
-8
28
5
12
18
32
-26
1
-14
11
-35
4
11
-14
-2
1
25
-11
7
-9
-1
-9
11
1
-28
23
10
-14
7
-11
-44
14
-36
33
-16
10
22
-8
-5
15
-4
-15
23
-11
16
6
-14
-22
30
-9
8
4
-4
0
11
-26
12
25
5
8
-8
-12
-28
16
-37
22
-9
14
10
-27
27
-15
21
13
7
-9
-4
15
3
23
-13
-24
9
-26
-2
-13
15
-45
25
-40
-9
-33
-23
-24
27
-27
-15
21
-12
23
16
-8
19
1
8
4
6
-10
17
-5
-25
49
-26
48
5
37
10
-33
-35
22
13
22
1
-22
8
-37
8
-15
23
3
-2
-26
-28
-24
2
2
10
2
-20
-13
-13
-30
2
-4
-8
6
32
27
-28
34
-13
14
-20
-1
-6
17
39
9
-19
-32
4
18
-47
-16
3
-40
-16
28
23
-14
15
-12
-7
9
-3
-3
32
-11
-3
-3
12
-48
-13
-14
-7
-14
0
-14
7
14
-25
14
1
-26
-21
43
-3
7
-1
-31
25
-40
15
-29
-5
-22
-16
11
-1
22
-10
-13
-49
21
-3
2
-25
-21
-35
-20
16
-24
10
1
-17
-29
-33
24
-37
-9
32
-6
-38
9
2
-8
-9
-21
-3
-15
-13
-4
-17
18
14
52
26
-27
11
19
6
-16
13
-33
29
12
-19
31
-14
-3
-5
4
37
-7
-16
-7
14
19
-17
29
-22
29
29
-36
0
-25
27
-21
-22
28
0
34
-30
0
0
38
24
21
-21
-14
-10
-7
-18
41
-1
53
6
-1
10
13
18
-5
-22
-4
-21
-24
-9
-1
17
19
-39
-21
-41
-17
-52
-32
-7
4
18
-36
-3
0
-13
-13
21
9
10
-4
-29
-31
-11
-20
-4
-27
9
34
-32
-1
4
9
0
26
-22
-7
0
-37
46
11
-11
25
-19
6
-36
-1
19
9
-9
-10
0
27
-30
-7
-37
15
10
19
13
70
-25
1
-2
13
-21
-17
15
16
12
12
-18
-38
5
-32
22
-21
-1
32
-5
-9
22
-14
-12
15
-8
-27
-29
26
-10
8
23
17
15
-9
-37
1
-2
-2
6
19
-34
-4
15
14
-2
-5
-3
-14
-49
-37
16
3
6
-7
27
-16
26
-28
-3
8
-24
-17
-11
19
14
-17
-16
-8
1
12
-40
-6
16
-10
-7
-10
-7
-6
9
-9
-22
21
-6
9
-4
33
27
5
10
-4
-34
-9
-21
1
21
14
31
-25
23
-29
-17
-8
12
-32
-27
10
-2
25
-4
33
14
-29
-9
-20
-14
-1
44
35
-5
23
-10
19
20
3
27
-27
-10
-19
14
9
-30
-17
-7
-9
-20
-39
16
40
8
-23
-19
-7
21
29
-30
-19
-8
8
-21
23
-19
4
-10
-14
-7
18
2
-16
-2
24
-5
9
-5
-9
-11
11
5
-13
1
14
-11
-10
34
25
-27
3
-19
4
15
19
27
-10
28
-31
7
-18
-12
-1
3
34
12
-6
33
17
-14
-3
30
0
21
21
-5
38
28
51
9
28
27
41
-53
-23
-34
-10
-20
13
21
35
-24
-1
-44
46
-4
3
44
21
-12
17
8
-34
30
-10
10
8
24
-15
20
-31
16
31
7
-1
36
7
-11
-26
-23
5
35
5
18
9
-23
-19
5
-37
-14
13
0
15
18
-7
-16
10
10
14
27
-22
-19
-70
-25
-16
-16
-2
42
-18
12
38
-38
