-11
-17
12
17
-12
17
12
-18
-12
-17
-12
17
12
17
12
-17
12
17
12
17
-12
17
-12
17
12
17
-12
17
-13
-17
13
17
-13
17
-13
17
13
-17
-13
-17
13
-16
13
-16
13
16
-13
-16
-13
-16
13
16
-13
-16
-13
16
13
-16
14
-16
14
-16
-14
-16
-14
-16
-14
16
-14
-16
14
16
14
-15
-14
-15
14
-15
-14
-15
-14
15
14
15
14
15
-14
-15
14
-15
15
-15
15
-15
15
15
14
-15
15
-15
15
-15
-15
15
15
15
-15
14
15
-14
15
-14
15
14
15
14
-15
14
-15
14
15
-14
-15
-14
16
-14
15
-14
15
-14
16
14
-16
-14
16
14
16
-14
16
-14
-16
14
-16
-14
-16
14
16
13
-16
-13
16
14
-16
13
-16
-13
16
-13
-16
13
-16
13
16
13
-16
13
17
-13
16
13
-17
13
-17
13
17
13
17
-12
-17
12
17
-12
17
12
-17
-12
-17
12
17
-12
-17
-12
-17
12
-17
-11
-17
-11
18
-12
17
11
-18
11
-18
11
18
11
-17
-11
-18
-11
-18
-11
18
-11
-18
-11
-18
11
18
-11
-18
-11
18
11
-18
11
-18
10
-18
10
-18
-10
18
-10
18
10
-18
-10
-18
10
19
-10
18
10
19
10
-18
10
19
-9
-19
10
19
9
-18
9
-19
-9
19
-9
19
9
19
-9
19
-9
19
9
-19
-9
19
-9
-19
9
19
9
-19
-8
19
8
19
8
19
8
-19
-8
-19
-8
19
8
-19
-8
-19
8
-19
8
-19
-8
20
8
-20
-7
19
7
20
7
-20
7
-20
-7
-19
-7
20
7
-20
7
-20
-7
-19
7
20
7
-20
7
-20
7
20
6
20
6
-20
6
-20
-6
-20
6
20
-6
-20
6
-20
6
-20
-6
-20
-6
20
6
-20
6
-20
6
-20
5
20
-5
-20
-5
20
5
-20
5
-20
-5
-20
-5
-20
-5
20
5
20
5
-20
5
-20
-5
21
4
-20
4
-20
-4
20
-4
-21
-4
-20
4
-21
-4
-20
-4
21
-4
21
-4
21
-3
-20
3
-21
-3
-21
-3
21
3
-20
-3
-21
3
21
3
21
3
20
3
21
-3
21
3
-21
-2
-20
-2
-21
2
21
2
-21
-2
21
-2
21
2
-21
-2
21
-2
-21
2
21
-2
-21
1
-21
1
21
1
-21
-1
21
1
-21
-1
-21
-1
-21
-1
-21
1
-21
1
21
-1
21
0
21
1
21
0
-21
0
21
0
-21
0
-21
0
-21
0
-21
0
21
0
-21
0
-21
0
-21
0
21
-1
21
-1
21
1
-21
-1
-21
-1
-21
1
-21
-1
21
-1
-21
1
21
-1
-21
-1
21
-1
21
1
21
2
21
2
-21
-2
21
2
21
2
-20
2
-21
2
21
2
21
2
-21
2
21
-2
21
-2
21
2
-20
2
21
2
-21
2
-21
-2
-20
-2
-21
-2
21
3
-21
3
20
-3
21
3
21
-3
21
-3
-20
3
21
3
-21
3
-21
4
-20
4
-21
-4
21
4
-21
-4
-20
4
-21
-4
21
-4
20
4
20
4
-20
-4
-20
4
-20
-5
-20
-5
-20
5
20
-5
-20
-5
-20
5
20
5
-20
-5
-20
5
20
-5
20
5
-20
5
20
6
20
6
20
-6
-20
-6
-20
-6
20
-6
-20
6
20
-6
-20
-6
20
-6
-20
-6
20
6
-20
7
20
7
20
-7
-20
-7
20
7
-19
7
-20
-7
20
-7
20
7
-19
-7
-20
-7
-20
7
20
7
19
7
-20
7
20
-7
20
7
19
7
20
-8
-20
-8
19
8
-19
-8
-19
8
19
8
19
-8
19
8
-19
-8
19
8
19
-8
-19
-8
19
8
-19
-9
-19
9
-19
-9
-19
-9
19
-9
19
-9
19
-9
-19
9
-19
9
-19
-9
19
9
-19
-9
-19
9
-19
-10
-18
10
19
10
-19
10
18
-10
18
-10
-18
-10
-18
10
18
10
-18
10
-18
-10
18
10
-18
11
18
-11
18
-11
18
-11
-18
11
18
-11
18
11
18
11
-18
11
18
11
18
-11
-18
-11
-18
-11
17
-11
-18
11
17
12
17
11
-17
11
18
-11
-17
12
17
12
17
-12
17
-12
17
-12
-17
12
-17
12
-17
-12
17
-12
-17
12
-17
12
-17
-12
-17
12
-17
12
17
-12
-17
13
-17
13
-17
-13
-16
-13
17
13
17
13
16
13
16
-13
16
-13
-16
-13
16
13
-16
13
-16
-13
16
13
-16
-13
-16
-13
-16
13
16
-13
-16
-14
16
-14
-16
14
-16
14
16
-14
-16
-14
-16
-14
16
14
16
14
15
14
-15
14
-15
-14
15
-14
-15
-14
-15
-14
15
14
-15
15
-15
15
15
-15
15
-15
-15
15
-15
-15
-15
-15
-15
-15
-15
15
15
-15
-15
-15
15
15
15
15
14
15
-15
-15
-15
-15
-14
15
14
15
-14
-15
14
-15
-14
-16
14
15
14
15
-14
-15
14
-16
-14
16
14
-16
14
-16
14
16
13
-16
14
16
14
-16
14
16
-13
-16
14
16
14
16
-13
-16
13
-16
13
16
13
-16
13
16
-13
16
-13
16
-13
-16
-13
-17
-13
17
-13
-16
-13
-17
-2
21
-2
21
3
21
-3
21
3
21
3
21
-3
21
-3
21
-3
21
-3
21
3
21
-3
21
3
21
-3
21
3
21
3
21
3
21
3
21
-19
9
18
9
19
9
19
9
-19
9
19
9
-19
9
19
9
19
9
-19
9
19
9
19
9
19
9
-19
8
-19
8
19
8
18
-11
18
-11
-18
-11
18
-11
-18
-11
17
-11
-18
-11
-18
-12
18
-12
-17
-11
-17
-11
-18
-12
-17
-12
17
-12
17
-12
17
-12
17
-12
-17
-12
1
-21
-1
-21
0
-21
