10
-8
44
8
-15
10
-5
-49
31
-17
-19
-30
-8
41
-4
11
-19
-60
-16
45
62
25
-5
27
12
46
-15
-38
20
34
-2
1
21
29
-33
-24
5
12
-13
-13
-26
24
-22
-5
-11
-12
-20
-37
48
0
-45
-10
33
18
19
-13
-2
-21
-47
-1
-7
27
24
-13
7
16
1
-17
-12
34
10
19
-11
13
-34
21
-35
9
3
0
-14
-10
35
10
10
-54
-7
17
-37
-43
-7
-32
2
-8
1
-31
18
29
8
-22
24
-17
18
5
52
18
-44
12
21
37
-61
49
13
-10
-12
22
13
23
-6
-13
26
16
0
16
12
21
11
15
-7
-11
16
-27
-36
-6
-13
0
-24
54
20
43
-3
37
1
-16
22
10
5
3
-28
-9
-17
8
15
-23
-11
-1
3
17
-38
21
69
-12
-2
-2
-35
16
25
8
7
-35
-9
-8
-20
28
-1
1
14
9
19
-17
-6
28
-6
16
26
37
6
-49
-44
-17
18
7
5
4
-17
-26
-3
3
-7
41
31
-21
-56
13
23
-4
-13
31
32
13
-39
38
-5
23
-30
5
-9
33
25
44
-3
36
2
17
-3
7
27
7
-25
-19
-2
-25
2
-31
-7
8
-23
-20
6
29
-42
-36
13
44
-21
-25
-1
-11
20
-4
6
4
19
-6
41
-22
-12
-8
12
-34
36
-3
-10
11
-52
11
-24
17
4
-7
-24
-39
-44
31
6
-13
3
-23
46
19
-20
0
7
-11
10
20
-19
-25
43
22
25
23
-18
-51
18
-3
3
-15
33
-24
-25
-6
-14
-26
20
-7
-1
43
12
1
-15
-2
-2
19
12
31
-5
-34
-5
26
-27
19
-23
-29
23
11
-12
-15
36
21
41
-17
-16
-5
-27
36
-27
0
28
7
5
27
42
26
1
-35
33
-61
11
-10
0
-9
21
-5
-36
-42
2
-8
-17
48
36
-44
12
30
-33
-36
-23
-22
39
0
22
-23
-36
-9
-38
-19
6
16
-32
29
-20
-17
5
14
10
-3
-32
-1
-10
31
24
20
-50
1
-30
-16
-1
-44
18
23
2
58
-22
-19
37
1
-30
-50
-44
-42
-27
-9
-6
-6
1
-22
-12
29
16
-24
-4
44
3
3
-61
-39
61
-10
13
14
23
-7
-6
-4
4
-15
13
-25
3
-21
-39
0
-16
-12
3
-22
30
-41
-47
-16
39
18
18
-52
-6
13
41
-40
-35
10
26
6
32
-19
36
-4
31
-38
34
-29
36
-72
22
3
9
5
-10
-12
-1
-32
-12
-51
19
29
6
-16
43
-53
-29
30
-24
15
-33
19
-19
23
30
12
24
-22
21
28
-19
-50
38
18
38
-48
-6
-61
7
7
-27
19
11
-12
32
3
0
-7
-16
23
17
10
-67
-2
-30
5
-34
-48
20
9
-8
23
-29
-14
-8
2
20
2
-47
-4
-5
20
-9
5
4
8
0
-40
-52
21
7
-15
20
28
10
33
-14
34
-33
-18
45
-67
8
10
30
-12
2
-17
47
5
-53
-14
-42
8
-46
42
-39
-11
-40
-31
38
4
5
4
6
23
22
-24
-28
22
-4
-8
26
33
46
31
10
-54
24
24
-25
12
-6
4
-28
35
-49
8
-31
-72
14
-37
-18
14
41
16
43
17
9
20
8
11
25
29
12
-19
53
54
-66
7
9
-6
-1
20
-14
-37
22
29
36
-24
-7
21
22
18
-24
2
-30
20
1
-54
37
3
18
-31
-15
-20
-41
8
-6
15
1
-20
-13
-41
1
-9
-68
22
38
49
-28
13
0
-40
18
39
32
-17
-8
31
33
-25
34
-24
21
-9
15
-45
-32
-25
-37
2
-55
12
3
-3
29
7
-39
-2
47
-9
38
-17
1
-1
-13
20
-21
12
5
-8
16
19
26
-25
-45
3
16
-22
30
-42
-18
-33
8
-30
-2
-8
-10
5
-29
-16
-4
-16
-8
5
10
-6
-1
41
10
2
-19
17
-4
12
41
-5
8
-36
60
4
6
-8
6
2
-37
-6
-20
-10
47
0
-13
7
52
-18
4
7
-16
13
-1
-3
6
-6
8
6
-47
-27
-46
17
21
-4
-3
-23
-20
-2
43
14
-3
-2
-15
-15
6
0
-13
-20
-46
-9
31
-1
29
-24
-33
38
-9
67
-3
-1
32
-37
-31
-8
-3
32
28
29
-12
-1
3
-39
28
24
37
-27
-53
26
9
21
-44
-62
10
39
23
3
34
-16
30
-6
-25
34
-26
-34
-35
21
-41
-18
23
-11
-22
-24
-38
38
6
-29
-32
2
-25
-16
35
-22
37
34
23
-3
-20
24
39
39
-35
-34
-32
19
27
-21
-20
-7
17
-12
28
27
13
2
2
-5
2
13
-25
-3
-34
10
-28
-7
22
34
-8
-8
28
2
10
4
-2
-5
-27
56
14
3
9
-7
29
34
20
17
48
23
33
1
-25
29
-45
-6
35
41
2
-31
-13
0
-19
8
-8
-9
-23
35
17
11
12
31
40
29
-7
-18
-54
28
18
9
-32
7
12
0
-16
18
-8
12
-22
-22
-8
9
12
17
91
11
38
-30
25
68
-6
16
-31
-36
22
4
-33
42
-6
13
1
-8
3
-16
-25
13
-60
8
-3
26
0
8
-14
-2
-25
7
13
44
12
-19
41
9
-23
-36
1
-20
-6
9
-26
1
44
71
-24
3
-22
-40
23
13
24
9
-35
-25
9
23
-1
47
-7
20
30
36
-25
-19
-1
2
18
-17
13
-11
-5
30
-41
-39
-9
35
17
-12
25
-2
25
27
-7
2
19
27
-18
-34
12
-65
-26
29
7
-12
34
-31
40
5
3
40
-24
-20
69
-68
1
19
26
-18
-1
15
16
17
-4
-14
12
22
5
10
-35
-16
-28
12
27
1
22
-38
-24
-5
-81
-29
-18
1
-7
62
-17
-21
