-14
-26
27
32
-2
-55
-10
-18
41
21
-30
29
2
-8
-33
26
-36
37
-42
-57
-43
-23
-27
-24
16
-36
36
-31
-19
60
66
-29
-96
-4
58
-20
75
16
73
46
36
20
16
14
-18
18
-74
-19
66
-19
38
25
52
-23
49
-4
24
26
55
-5
-18
-22
29
-50
-34
11
-25
2
-28
61
-32
7
28
41
-11
-8
60
-19
-52
25
60
-68
-38
-28
7
46
-10
-50
-33
21
-18
-46
-36
-26
52
22
6
2
-12
15
32
-14
111
-19
3
-29
15
-10
14
26
33
-16
-40
4
-47
-67
17
26
17
-9
21
-3
42
-93
20
16
-40
29
19
29
4
-63
-15
-40
40
25
-12
-1
3
-6
-27
-8
48
21
1
-71
57
-4
-6
26
4
-24
-29
17
-5
-50
-7
26
-41
50
-81
38
31
-39
11
81
6
-36
-13
-10
-25
-14
23
57
8
17
-32
-31
-30
48
-21
-64
-58
-24
9
-14
41
-31
-7
-15
10
-7
25
24
22
38
-3
71
16
3
-26
-26
64
47
-32
-35
68
54
27
-29
61
18
-75
64
31
32
-32
-53
50
17
1
-13
-56
0
-14
86
35
43
-8
-4
27
-22
-46
40
-65
-4
81
43
-33
42
28
59
-49
-27
4
-38
-38
-85
10
36
48
-57
36
5
-8
-20
9
8
19
-33
-98
20
-13
-5
-34
39
-24
31
-32
-14
27
-45
17
-32
45
20
51
17
28
-2
-36
-53
83
-7
15
35
-10
29
-44
-48
-58
-10
-36
5
-49
-10
19
-8
13
-11
-5
-15
42
85
-31
-25
13
-45
-44
-14
-22
31
3
-28
-13
-1
14
-12
-11
-44
-34
42
-37
-74
40
53
-86
-43
29
2
-37
-9
-62
81
58
-52
-17
31
14
34
-42
11
57
-57
8
40
51
-35
4
-8
8
-9
-24
-35
4
56
27
-8
-76
57
-6
-14
60
-72
22
-20
-56
-29
-29
-112
-7
1
4
26
24
-24
1
31
-39
-3
-3
-60
105
5
6
-19
19
5
38
-43
36
33
41
-24
10
-26
-33
1
45
20
29
-48
-24
1
28
-9
-92
5
40
15
76
-40
76
58
-41
-20
21
29
-4
36
-4
-4
-16
-73
56
-15
-39
-47
25
-15
24
-38
-68
12
-28
-55
-10
81
48
-33
57
35
-2
-53
-33
8
-17
41
14
8
-85
34
-14
-15
5
7
-16
-85
-51
8
21
-8
-2
6
36
1
22
20
7
-43
58
12
18
47
44
-20
8
5
-27
36
32
49
39
-31
-44
52
-10
-5
52
-16
8
16
-24
15
45
5
40
-19
-53
-40
3
70
17
20
41
-17
32
69
-17
23
16
31
23
-59
-24
27
40
-10
16
41
-63
26
21
1
17
22
-21
-2
-78
3
-82
15
-4
-69
-4
44
10
-28
-24
-5
34
-7
84
73
-41
6
-15
-15
-18
9
3
-5
-18
-27
-15
-45
-2
-36
-48
39
11
39
43
26
4
5
11
3
21
-9
34
16
45
-78
12
28
-22
55
-16
-16
-62
6
-39
35
25
-12
-25
0
-1
-16
-58
-21
-48
-81
-27
-58
49
-7
-58
-1
-13
21
-36
-62
33
-42
-48
-44
14
-21
19
-14
53
41
-12
39
62
27
-26
22
-21
-37
4
2
-61
30
31
-61
-3
-35
19
-28
35
-30
20
100
-5
-12
-17
-22
-59
-43
45
32
-68
-2
57
66
-9
73
-14
-55
-2
18
-18
14
84
-16
14
44
4
-60
-56
11
-41
25
-46
-51
51
-15
-22
-35
-71
7
46
-15
54
0
5
33
-24
-11
-47
-28
-25
-41
-57
-8
-23
-11
20
-24
7
7
6
-81
-53
-32
10
12
-29
25
60
6
9
-20
15
79
5
14
22
-27
23
-56
-27
-27
23
-47
13
-28
-19
16
22
93
-19
-7
-19
-70
-49
10
42
-17
4
51
-32
-36
-19
-33
-61
-56
-26
33
-20
-27
42
-19
53
1
-24
-30
30
85
-2
2
-15
22
-11
-15
-13
55
7
20
34
-42
51
3
-14
-41
30
3
27
7
24
-57
17
5
-9
-5
-35
-15
-8
-23
3
-24
-48
-38
20
58
37
-66
-16
-3
35
-43
-12
40
-4
-7
-76
-5
-12
-21
35
11
-47
60
4
59
-22
-35
13
-4
53
61
-6
-47
0
50
43
-23
-40
21
-40
26
-24
-5
74
-11
-75
-10
-32
53
-44
42
2
3
64
58
-28
-3
51
41
-11
-2
-58
-67
28
11
59
-56
-37
6
-6
-51
40
46
44
5
49
31
1
81
83
52
-1
59
42
-46
-37
75
10
27
25
-4
24
25
-31
-23
-49
-34
58
-60
-2
-9
4
-10
-19
33
-56
71
50
22
-3
-18
13
-50
23
-3
40
7
13
-36
36
-47
-25
53
-26
-14
62
-14
55
-65
10
44
-9
-11
-53
-5
8
22
-34
-41
-10
73
51
33
-56
-68
18
33
-52
-75
29
42
-34
9
26
-11
-17
16
4
81
-28
-15
-36
-56
-43
82
-30
-43
-18
23
-13
-7
-15
-73
18
-12
32
-36
73
76
42
23
-80
-60
26
25
-7
20
-46
20
40
67
81
-64
9
-15
26
-30
80
-14
-41
-12
-43
26
56
18
-30
-15
-10
-31
-48
4
-3
-14
4
-30
-41
-19
-62
15
-6
-13
-50
-25
-12
22
-23
-44
-61
34
0
-12
31
-41
24
-6
-3
1
26
-29
-23
-19
-10
29
37
5
-33
-4
18
37
-35
93
41
7
-30
2
14
-15
63
-11
37
-10
15
70
6
36
-7
19
-69
20
8
47
21
-19
16
7
-52
31
30
57
0
-67
47
46
-10
-6
-26
0
6
-3
18
40
37
-15
55
-6
5
12
30
32
62
50
45
-25
14
54
-43
-40
0
13
8
51
22
28
-10
14
23
8
