-15
14
-18
-39
-44
17
14
19
-8
-43
23
-13
30
-20
34
41
7
-15
19
-12
-26
-32
-27
20
-20
-37
-21
-1
29
24
16
20
32
-46
25
-39
-29
-26
32
38
-29
-3
27
-62
17
24
18
-32
29
-16
-44
-6
-25
-15
17
28
-17
-48
-31
-2
-41
-17
-30
-33
-14
23
-42
-25
-19
-23
-7
-54
20
18
26
-27
32
33
-21
25
-30
-31
27
38
30
-30
-41
-19
-31
-26
39
-39
-48
22
46
26
-41
-43
-29
23
-31
20
30
31
9
13
-9
25
-61
42
-11
7
-9
39
-18
41
4
20
-23
-31
38
20
34
-28
0
22
28
-33
-30
-9
-31
-53
30
11
-39
-23
-32
-10
13
-41
28
10
28
-31
-35
-25
38
17
19
19
-38
-1
-28
34
-45
22
-27
-32
-28
-30
-36
-21
-34
37
28
19
41
7
29
-17
15
30
-11
27
-24
-38
5
18
9
48
11
-22
27
-27
26
23
3
-24
-35
18
33
-27
47
-18
32
-53
15
-42
44
-26
17
40
-16
-32
17
1
43
-10
24
-34
-30
-7
39
-23
-2
30
49
-19
-13
26
35
44
-25
21
31
-16
-14
-18
25
-35
48
-9
13
2
27
-27
-29
-29
42
26
16
-28
-18
23
14
-17
-32
60
-47
-18
-16
28
-2
17
3
36
-32
47
20
-55
48
25
-18
-41
22
18
-34
37
10
-31
-28
19
29
-14
21
-39
21
22
-28
-26
9
13
51
9
-39
24
-22
-36
-34
39
-25
40
29
32
37
-33
28
-2
-16
-31
21
-16
33
-24
-50
-17
-36
-42
34
-45
-2
22
-9
-15
35
-11
46
-20
-17
-4
4
-41
43
29
-16
-36
31
35
10
-14
46
-8
-28
12
-24
-29
27
43
29
12
8
-36
19
34
-30
30
-28
0
27
-17
47
40
-17
-20
48
-12
42
-42
19
34
17
30
38
16
21
38
6
-32
-23
-32
34
29
23
28
24
32
-2
-37
33
-3
9
-4
-31
25
-30
34
40
14
-23
31
-25
-13
-27
-2
18
21
-10
28
14
-22
35
43
27
17
29
-44
-8
-38
-25
32
-31
47
-24
-23
23
34
29
-35
-43
45
-33
44
-31
-28
22
35
32
-22
30
10
-26
-41
48
-25
36
40
41
-11
38
33
40
27
57
38
-4
-29
-53
6
-27
16
-23
-38
-25
24
23
-25
22
18
33
24
-11
-28
-9
17
24
30
28
-60
19
-54
-27
10
-26
27
-21
18
-32
37
-26
24
-14
-44
-7
41
-5
-12
12
47
-15
-1
18
-34
36
-36
36
21
-37
7
15
-16
14
-27
21
-39
20
-6
-43
38
-36
35
-3
5
40
-18
-39
-61
31
25
35
-27
37
22
38
9
-3
-6
-2
-44
-24
20
25
34
-20
37
33
38
-16
-45
-5
26
-5
-27
11
43
21
35
8
-17
26
29
-40
-25
-47
31
35
-20
6
44
25
-17
33
29
14
-46
25
40
-35
-10
-33
17
7
11
15
16
-33
-22
51
15
-45
11
24
-2
-21
41
3
57
34
-4
-22
-30
12
14
-25
-31
22
-12
23
-30
-35
39
-8
-29
-22
-2
-26
-52
-20
33
-30
-29
42
-20
21
38
34
46
-37
24
19
-19
-45
39
-38
13
8
-42
-33
-44
-41
-30
9
31
28
-23
33
-18
17
20
-9
48
-21
50
-26
-43
13
-46
-32
-12
25
-16
-36
45
-48
-47
23
-28
-27
-55
28
-49
-26
-30
15
45
-18
-46
33
-49
41
-25
14
-35
29
-1
-11
40
-27
11
3
2
-1
-38
33
33
15
43
-43
-34
48
-19
16
26
41
-27
-48
-12
32
-51
-28
-17
30
-1
-15
-30
13
7
31
-17
-13
-7
-25
47
22
34
31
-35
-2
5
6
31
-34
32
1
-53
19
-26
20
15
-10
-39
27
-18
27
-23
17
-21
-8
18
-34
-35
18
28
43
-51
9
-28
-42
22
24
35
-29
-18
-5
-32
12
37
-16
44
9
-24
17
-24
2
-21
56
-64
-39
24
30
-33
-27
-11
40
-25
36
-21
-26
30
16
40
-52
-38
19
12
21
11
-33
-18
22
-38
-18
43
-23
13
30
-22
23
-35
-21
-29
-21
-58
36
-15
35
-19
-24
28
-10
16
24
43
23
30
-25
2
17
13
-16
42
10
19
-22
-2
-52
-34
-24
-19
27
42
-13
11
-46
-22
36
-38
-19
-48
-25
-36
-26
-22
11
-41
-19
-19
23
-18
-32
-27
-29
40
-13
-21
-36
34
1
21
37
-19
44
27
-52
38
-23
10
43
47
16
8
-24
25
43
-4
-31
-24
-34
-23
24
41
-28
-24
-23
34
31
27
-34
-15
-39
-44
-52
-25
24
-10
47
-34
22
-29
-39
23
-30
-55
26
28
-39
6
27
-12
-29
-18
21
-15
-28
-30
12
-18
30
31
-13
31
-24
40
8
-28
16
-31
-15
23
15
-52
-14
-15
-32
-18
-30
-9
-33
-23
31
-27
45
26
-26
-33
23
37
17
29
18
-52
-19
-37
44
-21
-4
-24
61
55
28
-7
-19
-8
27
27
-12
-56
-21
-32
29
-43
2
15
14
14
-23
-32
-27
48
22
-20
36
27
-21
27
54
-39
-2
-34
49
9
-28
-30
-47
-17
-8
37
24
15
38
26
45
-55
-28
-17
25
-41
-22
-30
33
16
-39
-31
17
39
-49
-33
18
-20
33
16
27
-23
-33
-28
-29
-29
33
-18
-23
-39
43
8
32
31
-23
9
19
-44
44
-22
-40
10
-23
42
-13
24
22
36
-8
-17
5
-27
2
-19
35
-42
-47
-41
15
49
-19
-12
-30
3
-14
33
39
-16
-37
-13
-27
58
16
20
-36
37
-23
29
-29
17
-32
-39
24
-19
17
-25
-20
13
44
34
-24
-11
-27
-34
-17
-31
52
-39
52
36
