-34
-37
25
-26
27
-18
-20
18
-32
22
23
-22
-16
-21
24
-18
25
21
-33
20
42
35
31
-31
-21
23
-13
31
26
10
-14
10
-23
-35
31
-34
-22
-13
22
19
-28
-29
30
35
-38
-28
-44
-34
42
-15
38
-21
26
-20
28
34
-32
18
14
-27
19
-6
-14
-34
25
-33
-34
-30
13
-18
26
38
36
35
41
-28
42
-16
25
-20
-25
-24
17
28
21
-15
-39
14
37
20
9
-42
-30
26
42
-20
35
-23
-25
-7
45
34
-29
-17
44
-23
28
-29
29
15
-24
-26
-33
-33
-29
22
-18
-38
0
27
40
11
-35
23
-19
25
-44
14
-33
30
33
-16
10
33
-24
22
20
-17
-26
45
-29
-11
21
33
24
31
-27
27
26
-31
-27
-31
25
-35
20
21
-19
25
27
24
-18
-21
22
32
-20
12
-38
28
26
27
-42
30
-20
29
18
34
23
-28
27
-31
-31
36
-31
-28
25
-22
10
45
-17
27
-37
-12
18
-30
-25
8
-24
29
26
35
30
16
-23
-28
29
18
17
30
25
-16
-17
-16
31
23
14
-18
-38
-35
-35
44
35
-40
-30
-22
41
8
24
13
-25
12
-37
29
20
-15
34
-13
-12
22
15
38
-32
37
-9
-8
20
-31
20
32
-26
-26
-33
-28
-21
-35
-26
-32
33
-20
-23
-24
12
-17
-21
-16
-35
-20
25
27
29
-4
-21
20
24
-25
17
-43
-19
21
16
23
21
20
27
32
22
-14
-31
-10
-29
31
-8
-42
-34
-31
-34
-26
23
-37
45
-23
-38
22
28
20
25
30
-23
-25
-5
-28
-38
6
-26
-21
19
41
-24
-16
8
25
26
24
20
-35
25
-26
-21
30
-30
23
41
-12
-19
37
-56
-24
24
36
-42
-32
-33
32
10
-37
35
16
28
34
-33
-43
-22
32
-38
26
-28
30
-40
-17
35
21
-25
-27
-30
33
29
36
29
-19
-29
55
36
-38
16
24
-34
-31
4
-17
0
-26
-44
35
43
-10
24
43
-33
40
-24
-27
30
23
-25
33
-34
-22
-11
-40
24
21
-27
43
31
-18
37
30
23
24
34
-16
32
-20
22
-25
-35
36
-35
-21
20
-27
24
25
-37
26
-59
7
23
31
30
33
49
-7
14
21
-37
-27
25
-19
-32
33
-36
15
-44
34
-24
-37
21
6
-26
-31
-16
-11
1
-13
-15
14
27
29
25
-7
-25
-32
18
-7
-31
-35
-23
-30
25
14
-24
47
46
26
-35
21
-15
17
-23
-34
-20
-29
-25
-25
-31
-21
-21
9
-33
-9
-27
29
-13
-34
28
30
34
-13
17
34
36
-10
-29
30
26
-52
-13
22
-20
1
37
16
36
-28
18
12
-28
23
35
-30
19
-14
-26
22
-24
30
-36
27
-34
-28
24
31
-35
-30
27
-15
-16
31
-24
26
26
18
8
-29
-19
-10
32
-33
-23
29
-26
28
-18
-21
-35
34
33
31
-17
27
-29
49
26
-26
38
13
-37
26
14
-30
26
46
-32
43
-16
-17
26
15
-27
-27
22
-24
-38
22
24
-32
16
13
-24
25
-20
17
-29
20
22
-17
23
-36
18
-28
30
-44
-20
-20
22
28
26
-27
-34
37
27
-7
-23
17
-33
-26
-32
29
-33
35
25
22
-34
-25
23
-39
22
18
31
34
-32
28
-32
-24
30
-42
38
-22
-26
-33
33
-40
-19
36
-37
47
-21
-25
-33
-31
30
-34
-25
-28
-20
20
-22
-32
-31
-44
33
17
12
15
-16
-8
-15
-26
-26
-27
-33
18
-34
21
-15
29
-6
34
-16
-17
-28
-10
-40
-31
27
-23
26
-18
-18
35
46
23
37
-10
29
25
-9
-20
-29
-25
-31
-16
25
-36
-29
-28
-13
-21
25
-23
-24
23
-24
-26
-17
-21
-15
40
17
27
15
26
19
-31
14
44
27
18
-24
-32
21
-22
26
-12
-31
39
-25
22
-43
23
-36
-17
-30
-27
24
11
-39
19
39
38
28
17
19
-23
-30
15
-41
27
20
-22
-37
28
-31
18
31
-25
27
-37
22
24
-16
-36
-33
-32
-16
21
26
29
-33
-23
37
36
15
27
-26
-27
-33
-16
-32
-22
-29
-37
28
-16
-20
-31
16
-7
-30
17
-30
36
-23
-16
-39
35
-15
37
-16
26
-33
10
25
19
-31
-31
24
19
17
-44
24
35
-41
32
-37
13
12
-25
-15
23
-21
26
16
-41
-26
-26
15
32
39
-17
33
22
20
26
27
-26
-27
-18
-12
-22
36
26
-12
31
-30
-21
-31
-10
-16
12
-24
22
30
-27
26
31
-37
17
-18
-20
-39
21
-17
-17
-20
-22
11
22
22
41
22
-33
17
-32
34
-3
27
-13
28
31
25
23
24
-24
-15
18
28
-27
25
32
-34
35
-17
16
26
18
25
19
30
23
-37
31
31
47
-17
14
-19
-25
-29
17
-15
-39
30
29
31
-22
-18
-27
-27
-31
16
42
-14
27
12
-34
-13
18
27
-13
-26
30
-12
35
-11
30
16
-3
-27
19
29
26
-20
30
-25
26
-21
22
27
-44
-29
-30
21
27
-25
33
-14
36
31
43
19
27
-17
21
-36
-35
18
-32
41
43
32
-34
-25
-35
26
32
24
25
-26
19
-22
36
27
-23
-24
30
23
-27
25
-22
-12
-13
-11
-39
12
-19
-22
-22
28
31
29
-30
-29
27
12
-17
5
29
25
24
19
19
-28
26
9
-24
39
-24
30
-19
-8
-28
20
22
36
-41
-24
-30
-34
-23
-35
-22
29
-23
22
-13
-14
-26
30
-15
-24
33
-29
-7
35
25
19
-36
25
-39
25
-38
43
-19
30
-16
36
-20
23
23
29
-28
-31
13
17
31
-35
-19
-1
42
-16
-40
-25
34
-38
-17
-22
-16
-25
31
-39
-11
21
-33
-32
17
-31
-40
-12
-32
