29
-25
28
-29
22
-23
-27
26
-32
15
25
33
20
-26
-29
-32
21
20
18
29
-18
-19
-19
-30
-26
-39
29
-20
-24
25
26
-33
33
16
-27
24
-26
-24
32
-37
22
-25
21
-32
18
-28
-33
16
-32
31
34
-23
-32
22
-26
-22
-21
40
21
26
-22
26
33
32
-22
31
24
-22
-13
-21
-20
25
-26
28
27
23
-28
-33
-28
-25
25
-24
27
-24
19
-31
26
-22
27
22
21
-34
-38
-29
20
26
-23
30
-24
18
25
33
26
-27
27
32
-16
22
-37
-31
28
-32
-29
24
-28
-27
30
-38
-25
-30
24
37
25
-28
30
28
-28
22
29
25
38
15
-15
-37
-23
35
-20
-22
-30
-20
-24
27
24
-34
-32
24
33
-20
38
26
-29
-31
25
-29
18
-33
24
32
34
-29
-36
-20
-29
21
22
-31
25
17
36
34
-35
32
-29
38
-5
-35
-33
30
21
20
-28
-26
-29
21
-28
-30
22
-26
30
-36
-28
-27
27
41
-21
26
-36
-26
-22
-29
-29
-19
20
-22
-33
-30
-19
-27
27
27
23
-36
-26
36
-32
21
40
34
-22
31
28
25
31
-26
30
25
35
20
-36
20
-24
-35
-13
-17
-28
-14
-29
-16
18
-34
-34
26
22
-23
-26
-21
-20
30
-31
29
-35
-14
28
21
10
33
-21
36
-30
-23
34
23
-24
-20
-28
-37
28
-26
-33
30
-26
-27
-26
-26
29
-30
-27
18
-40
35
-26
40
33
19
29
34
30
19
31
14
-14
22
22
24
18
-25
-30
27
21
24
-24
18
-26
24
25
-30
26
36
-29
20
23
-23
28
28
9
19
-28
-33
19
-36
-32
29
-26
-17
21
23
18
-30
26
26
-24
35
28
-19
22
-38
20
25
-37
23
26
34
41
-20
-29
-23
-22
19
26
23
28
-22
25
24
-24
-38
21
16
31
23
-28
-26
36
-32
14
28
20
-27
-21
20
-30
19
17
-31
27
-15
19
-32
29
22
-20
16
-22
27
-24
-42
-30
11
-21
27
21
-27
27
22
22
-28
-30
-31
20
28
-29
-10
17
-30
-26
20
-27
23
33
-34
-33
-31
-26
-32
-23
-30
17
23
-41
32
-29
25
31
-27
-38
29
-24
-28
-19
23
-38
-19
25
29
-33
22
22
25
19
22
-31
26
23
-19
-22
24
17
-18
24
15
-33
-22
-38
-19
-18
-12
23
20
-37
32
-31
-17
-27
-29
-32
25
-26
-24
19
20
17
-31
36
22
-28
-26
-25
-38
24
-19
-18
34
-30
18
24
-33
22
24
-35
-16
29
-30
-15
-24
31
-29
-30
-29
29
34
29
22
-29
-32
-32
-14
33
-41
-20
21
24
21
-24
37
23
-24
27
-30
24
37
27
23
26
-15
-31
-27
31
21
30
-28
-20
-29
38
-25
31
-24
-33
34
32
-19
-21
24
-22
32
-30
20
23
-25
-24
20
24
-22
19
19
-20
27
-30
-22
-35
36
29
29
39
27
-27
16
-26
24
-32
-30
-25
30
29
-27
-34
24
27
19
-25
-29
-20
17
-32
29
-30
15
20
-22
29
25
-27
24
34
19
-24
-16
-29
-24
-25
17
21
15
25
-27
-34
-29
34
-29
31
-26
-24
-25
23
-31
-39
29
33
-23
33
37
14
20
-25
16
-23
24
-30
30
20
-21
19
-24
-26
-30
31
-26
-32
20
29
32
26
25
-30
43
-27
31
-26
28
-27
-30
-35
-37
20
29
27
24
23
40
-18
-19
-19
-20
29
27
20
29
33
-34
31
-31
10
-34
-22
23
19
-31
-25
-28
-30
-30
-26
-23
-24
-29
-24
22
26
41
-32
29
19
-20
-16
21
-23
22
-18
-32
-32
-22
-20
-19
-22
-22
21
28
-35
-22
-25
37
-21
28
30
34
-23
-19
-37
25
27
31
-24
24
27
-26
-25
-11
-28
24
-21
-26
24
26
-29
-28
34
29
-22
-19
-4
-26
15
-24
20
31
-25
34
18
-31
15
29
-35
27
21
14
-43
-25
22
-27
-19
-22
-28
-24
-23
-19
-22
-31
37
34
-20
34
-18
13
-32
25
27
-20
27
38
24
-34
16
29
-32
24
-31
-22
-33
44
-30
-30
-24
34
-28
24
-33
35
25
25
-28
27
-27
25
22
29
-30
25
-18
-25
-36
-27
22
25
26
28
-34
-34
33
23
30
36
27
-21
35
18
-23
22
29
27
-29
-21
21
38
-25
31
26
40
23
-30
20
30
27
28
24
30
-24
-17
19
23
21
-39
-13
-15
26
-26
-12
-13
-29
-19
33
-39
22
35
-36
27
-28
34
26
37
28
15
25
11
38
28
30
-27
-33
-26
29
-27
-27
24
-27
35
26
21
-24
29
-18
-33
23
22
31
-30
37
35
24
-28
-20
-35
21
-17
-38
-34
-19
-14
-20
-20
13
-17
19
-24
19
-38
-12
-23
23
-25
-24
23
-34
31
-26
32
-36
21
25
24
-31
-22
-28
21
-23
26
20
28
-33
-33
33
-17
23
20
6
-23
14
23
29
33
-22
-26
-31
-19
-16
-24
-24
-31
27
-20
-34
-8
23
25
-34
-24
-21
14
18
-29
-30
33
-36
-21
-24
-17
-23
-38
-28
28
31
-32
23
-23
31
-19
19
-23
-26
-17
-26
19
-28
31
29
13
-26
-26
-27
31
-23
-26
20
-26
34
-20
-24
14
-23
-29
-31
22
32
34
-13
34
-36
-24
-34
18
-21
25
12
-32
-23
-20
-19
26
-19
26
22
32
-26
20
49
-23
25
-18
-26
-29
31
-28
-29
30
18
-14
-32
-38
23
27
-12
-23
-26
35
28
32
-25
-30
-31
29
-26
26
26
26
38
-26
-21
31
26
33
-36
-39
-37
34
-30
-35
-21
16
-24
34
-27
34
36
-19
-22
-25
15
31
23
21
-20
-29
-19
25
-19
22
40
-24
-22
30
23
-35
