-31
18
9
12
19
-12
24
-13
-13
-2
10
11
-15
16
-12
14
7
-29
-6
7
14
7
28
-15
-37
-35
-5
3
1
-12
-20
8
-14
-31
21
16
-35
-23
5
-13
-14
-25
-20
25
-13
0
5
44
21
-3
13
9
-21
-44
29
2
5
-4
11
14
-4
-21
-11
12
15
20
32
9
18
6
-38
33
5
17
-24
-6
18
-16
-23
12
4
15
16
-24
-22
26
-3
24
28
31
-8
0
-1
30
12
2
27
-27
20
13
11
-5
-20
-4
-23
32
8
27
29
-32
-5
-16
-49
44
-16
15
31
-4
-14
-17
-21
18
14
24
-12
0
8
-7
-5
11
17
38
21
29
-11
19
-6
-1
-6
-26
-12
-17
46
-40
-35
-15
-27
-6
8
-36
-19
-5
14
-16
18
-30
-14
-3
21
3
-11
-15
-3
-20
22
11
12
-18
2
31
18
9
4
18
11
-17
31
-9
-2
38
13
-1
-40
-6
19
28
-36
14
-33
13
-31
-16
3
6
2
13
11
18
-5
-1
-32
19
-25
1
-16
29
5
8
17
19
12
10
-12
41
40
-13
13
-40
10
-27
-37
-21
9
13
12
6
1
24
-18
16
-11
0
-18
-31
11
-7
26
41
-2
-32
-32
-19
-22
13
56
15
3
13
21
20
27
17
-17
38
1
11
4
-36
-38
-23
-27
-3
3
-9
-23
-36
48
-4
-2
-18
-9
-21
3
25
-14
24
-9
32
2
-21
5
33
10
-18
24
11
4
-27
-16
-1
-9
1
2
8
-15
2
12
11
14
23
41
-36
19
-8
31
26
-31
-7
14
-11
-9
31
0
-1
18
14
33
-21
51
-52
11
5
-15
-19
-2
-12
0
19
28
17
1
20
12
17
0
-4
11
3
-1
-36
23
-32
39
5
46
-29
4
31
-39
29
-21
-19
-21
21
-7
5
8
25
-14
-31
-37
29
-24
17
-4
46
3
-23
-13
39
16
13
-26
-6
2
-37
-19
18
13
-7
-21
17
-8
7
-46
-15
-15
6
-19
32
-1
14
-37
-14
-15
25
3
-25
-30
29
-28
15
-12
-1
24
0
18
13
14
8
-11
3
32
8
29
-9
-20
-4
29
18
-37
-13
-12
24
-8
18
8
19
-24
18
-1
22
-36
-20
-1
37
-8
-27
-15
6
-11
-18
23
-16
-9
-24
30
-50
9
-27
-26
-5
31
-4
-34
-39
6
15
-13
13
49
-28
-10
-30
-52
1
22
-17
4
20
-13
-14
5
-50
-21
46
41
0
-26
-13
4
0
13
-9
-30
1
-7
21
-26
-17
19
25
-2
20
26
-12
-11
-21
14
53
-2
-34
29
5
-12
-26
-1
14
-24
27
18
39
30
-2
-9
-2
-25
-27
-28
-15
11
-25
-31
32
16
18
-43
-46
-4
27
-12
5
4
11
-35
33
1
23
-3
-8
-17
29
38
21
25
16
-20
11
-35
-11
22
-18
-11
15
29
18
9
19
-3
7
12
10
5
36
-29
2
10
4
34
-11
-4
3
18
21
-33
25
-1
-12
-15
-29
-34
-5
-45
-39
40
-24
-3
-19
10
-22
-14
11
-11
-9
32
4
-24
7
1
4
4
-16
-31
18
-13
9
-32
9
-24
-6
19
29
-37
21
17
-24
-18
4
-18
13
29
-30
-14
20
19
6
-3
31
-22
13
-1
-13
25
21
-26
-34
-14
4
-17
-27
-22
2
19
-15
-7
-15
4
15
19
14
10
6
-60
-15
14
4
-36
34
35
-19
23
-10
-19
-27
-11
32
12
11
-11
-9
3
4
-12
-15
-6
34
13
-8
15
-14
8
-5
-4
-12
-10
-12
-12
-23
40
-13
31
16
23
-9
21
-10
-21
-22
3
-22
-11
12
-20
-16
-20
7
8
5
-10
6
-43
-48
-24
47
-10
-15
28
5
-24
1
-9
4
5
-28
-2
8
14
38
-12
-11
21
53
-16
-30
13
-18
10
-12
35
5
-2
-13
-9
-14
-27
23
7
22
-17
-35
-32
0
-14
-13
-17
-26
-15
19
-9
38
32
-35
-14
3
23
-23
13
-22
-13
-16
10
-38
12
33
-9
-7
-19
-3
22
-10
10
6
-22
-28
27
12
-4
-28
16
-36
-2
11
-11
8
-33
-5
4
38
19
-10
27
-23
24
-14
39
-21
-38
-41
26
13
9
-11
-12
-20
-24
20
-9
24
-3
38
-39
-25
18
22
-4
10
-14
-18
10
-32
18
5
-5
40
23
15
18
-8
-33
38
-31
-34
-12
6
-37
6
11
39
-22
6
38
-1
-21
8
-5
-29
17
18
-27
-29
2
6
-2
11
-11
-30
19
-25
15
-7
-15
3
-6
-13
-26
-20
-9
-5
15
-46
-16
-1
-24
23
12
-23
-12
-8
-10
-16
38
-21
-4
-33
19
9
3
-4
-5
-27
39
12
4
-9
24
13
-4
18
4
11
-31
-2
30
-25
-21
-19
-23
6
30
-34
-15
-33
-25
27
-50
15
13
22
-17
18
-16
31
-11
0
3
-23
-21
-1
8
-18
2
-10
-29
-25
19
6
-13
19
-9
-7
1
14
-20
17
-24
-12
-28
-4
-19
8
-21
8
25
24
11
12
15
13
14
37
23
-2
15
-45
7
-9
18
2
0
17
11
-44
-33
45
-21
-40
-11
17
-24
-33
24
24
4
-7
-24
24
8
-33
13
2
-19
16
-4
-7
-18
-7
-9
-52
-21
21
-18
18
-17
10
-26
17
-5
-24
-29
31
38
-30
23
-7
-33
14
-5
-9
48
20
10
25
-3
-30
24
-32
-17
-7
-12
12
-36
-8
21
-38
-14
-7
39
-6
-12
-14
-17
9
34
6
-25
42
-18
5
-5
-29
17
0
-11
-4
21
-30
-2
-8
-9
-14
-10
58
7
32
-3
29
-9
-22
3
-33
26
11
21
-1
-11
-24
1
34
-2
2
-16
-7
32
-14
-44
15
25
-12
-1
12
