104
-28
-5
99
25
-27
-40
43
99
-108
-33
56
11
120
-54
3
-38
60
-116
115
66
-10
74
38
-29
41
51
13
9
-30
-34
5
62
120
58
62
-24
-4
31
16
-121
-23
-51
-4
-128
49
-65
-11
100
-125
-80
-2
32
-128
-19
48
31
-128
-34
-59
-10
-32
-38
-83
34
24
49
42
10
-96
12
81
64
-5
9
-90
-79
-60
-70
-70
63
-95
-2
100
-71
-48
47
-73
-5
-57
-42
50
2
-74
56
83
-66
-82
-30
-94
-57
58
34
42
53
118
85
-28
20
-1
51
-24
13
81
66
10
-25
115
43
-100
-37
-24
-2
-27
-43
2
-110
21
16
18
38
93
120
-25
-10
63
-62
17
-55
-29
-29
-13
-5
-33
21
-20
33
15
13
94
-46
-2
12
71
-47
1
29
-59
-7
18
-24
-66
-41
-14
-52
-9
-53
39
31
93
127
57
-42
104
20
109
-27
-128
-80
-83
3
-13
-60
127
65
-45
19
-49
-78
13
87
-12
-45
34
114
-72
-23
1
23
-128
-17
40
6
71
16
56
-35
108
14
-47
37
-32
90
8
8
-62
-56
115
79
29
1
38
-120
47
-47
17
21
21
127
-67
42
10
-10
74
70
-56
-24
-44
55
-113
11
85
21
1
-128
87
-118
-31
24
97
28
-90
-39
61
-59
16
117
43
-19
-128
-12
-128
-5
127
-6
56
-40
-56
-31
127
19
-1
11
-58
37
58
-71
21
-23
-94
-20
-10
27
-24
-56
-64
-5
-16
-2
36
64
49
87
-34
-63
12
-40
127
75
27
31
65
-11
-76
-13
44
16
-87
29
-17
-66
-26
-93
41
-128
9
-16
-21
-18
-15
74
-42
-97
-41
66
83
92
9
-94
1
-19
-2
71
38
68
39
-15
60
-24
105
-16
-26
-40
-29
-76
-114
127
46
11
74
105
52
87
38
-20
82
-61
-48
72
-103
-48
94
14
111
44
-70
-16
-36
-80
-67
60
27
-27
84
-22
8
3
-19
-128
37
124
-42
39
112
-21
-98
-38
-49
44
-6
49
-23
37
17
-109
49
-8
-84
-128
51
50
18
53
-14
-65
52
-53
61
51
-69
41
-36
-51
-8
-62
3
-37
127
90
-44
63
10
120
62
33
-59
103
8
-45
-89
9
-19
-128
0
15
-47
-28
-2
33
22
10
-31
-18
-20
-10
44
94
80
-18
23
127
-56
-15
-4
43
7
127
-33
85
-98
127
18
-10
-51
64
-46
-61
-87
41
33
-119
-102
14
32
49
21
23
-28
-38
99
127
60
-22
32
68
-117
-56
-8
86
11
1
-54
-3
19
-35
24
39
-2
18
67
54
37
127
17
-26
15
-59
49
127
-22
3
127
123
51
-23
75
-4
-15
-20
-62
29
-47
77
127
17
-51
-128
-30
-67
-34
68
-92
-75
-102
-14
-8
-21
-94
-123
28
21
38
-25
-92
19
-25
5
-79
77
-63
10
74
111
41
45
92
-31
-43
-32
-35
-26
102
-76
-90
43
28
4
49
48
72
34
29
-3
-77
108
-114
48
-121
-68
127
5
-91
65
91
-29
-47
36
-47
18
-10
-15
0
2
-4
26
81
65
13
76
-62
-5
31
-41
-33
-79
26
127
18
59
42
-43
-76
-50
-47
-2
5
-104
119
18
-30
127
-107
-37
-119
5
102
11
10
-17
19
38
45
3
51
72
45
-39
13
65
-7
-54
63
112
76
-19
-40
26
-33
-34
50
-90
-64
75
20
5
16
26
9
67
83
-64
16
-83
-54
44
-27
32
46
57
112
109
127
-37
-86
-12
-128
-95
75
70
-99
-92
-104
-7
23
-96
0
104
-54
-74
49
-20
-70
-3
-65
-17
39
28
-8
31
11
-116
-35
33
31
-43
52
46
-71
-14
43
-31
-78
121
60
33
85
-89
-18
2
46
50
12
101
-35
-20
38
6
-13
-76
-43
52
74
-40
23
-12
45
10
-67
11
-9
9
-9
18
-29
-57
-36
35
7
3
-128
3
55
47
22
-56
-1
-31
-126
46
12
49
1
89
21
-128
-26
-24
44
28
98
2
-13
-48
-89
68
60
5
-36
-37
67
26
-20
-42
14
-56
-16
88
-23
-42
-69
-83
-61
-1
-67
-45
55
30
57
-118
21
4
0
-42
63
-71
27
34
58
93
18
100
-17
-16
-37
-30
-51
70
-35
127
63
4
10
-91
-50
-50
39
80
-5
-39
-81
50
48
-24
26
-98
-33
21
95
-84
15
42
-41
17
60
-5
22
-53
-1
9
-60
78
98
-73
-52
84
46
13
48
32
-43
30
42
-52
72
-81
9
-65
-128
79
-43
-23
-15
41
14
127
127
-74
-26
-117
19
65
-51
53
-5
-12
38
-3
82
-15
-10
22
-38
1
-71
127
-94
45
-42
-21
14
30
54
11
6
-3
68
20
-33
13
73
13
-21
-50
-29
-88
47
-6
-17
72
73
-88
-41
49
4
-18
-15
58
-67
35
61
127
-32
-128
24
126
-2
-128
15
-85
-5
91
-62
-100
29
-34
-62
-37
-37
-128
-37
-57
-98
46
-128
6
18
41
124
-77
5
1
-26
-122
-72
1
70
127
25
90
-60
-17
-96
59
42
-41
-45
121
-128
-10
-18
-15
106
-44
84
-27
-41
69
43
-6
-34
-48
-31
7
86
127
-29
-14
98
66
-106
92
-89
102
-18
-28
20
-58
4
-96
-56
-57
74
27
6
76
-108
-10
-53
39
-128
108
-9
106
-101
72
6
-14
-54
-2
-58
57
1
70
65
-24
-15
127
-68
-41
3
-118
11
-33
-66
90
37
127
-48
-41
-38
109
-40
-31
-74
2
0
127
-22
-22
16
127
-39
125
10
22
4
-54
-20
-53
-60
30
-128
-128
-80
120
-110
-9
39
50
29
23
-12
-64
-40
127
93
-55
-34
70
-78
34
-69
-94
-18
-35
-8
-57
-17
32
-40
