-28
-28
28
36
-23
25
-17
17
-21
31
-30
26
-25
-15
27
18
-30
-29
21
-15
23
31
-26
-30
17
11
26
17
21
-37
-23
-13
-28
-32
23
12
27
-27
-20
-25
33
-25
31
-21
29
30
23
-18
17
-27
-25
24
43
-24
34
-26
27
-19
-20
-32
-35
-32
31
-31
19
-24
27
-27
27
24
30
-23
-24
25
-23
-26
26
28
32
-31
28
-35
24
25
26
-21
25
-25
34
-22
23
-34
12
10
31
12
30
-18
26
33
25
-21
-24
-30
-27
31
29
17
22
16
26
33
36
-38
-35
29
33
-26
28
27
-23
26
24
30
-28
31
28
32
33
-19
-28
24
-29
20
32
18
-28
32
-22
-37
-20
18
16
-26
40
-32
21
-14
-26
34
-17
-31
16
40
-21
-30
31
-42
34
-32
24
-16
-33
-20
-25
-24
-20
-19
-17
-19
15
18
28
-23
-17
25
21
24
-10
31
26
-20
-27
-28
30
-20
-17
31
-20
-28
18
-27
25
31
42
25
-21
28
18
-25
-11
-27
-27
31
19
33
-20
14
33
-19
-28
38
19
-13
37
-21
23
21
28
-35
-32
33
17
-30
-32
-19
32
-29
17
-23
-26
-22
23
24
-22
-24
-23
30
21
-23
16
-23
18
22
-37
-25
37
25
-22
22
-26
30
20
-25
23
21
27
-27
33
-20
20
28
32
24
26
23
-17
-17
-39
-36
36
-26
40
-27
33
34
26
23
-23
31
29
30
25
-40
-27
-27
-28
28
29
-32
-22
-25
-34
-29
25
19
-14
25
-33
19
10
32
-27
-25
21
-21
-32
31
-29
-32
34
26
-35
-24
15
-26
-27
-32
-29
33
-26
38
33
-20
23
26
27
-19
-40
-26
28
22
-40
27
20
35
18
24
16
18
31
-27
10
-23
26
20
-23
-20
-32
21
17
33
29
-27
39
-35
24
28
-26
26
-21
-17
17
-36
28
34
-20
20
25
19
-30
21
23
36
-32
18
19
-31
19
-22
-21
-28
-30
22
-27
-37
-36
14
28
23
-43
19
32
22
19
-30
-14
-24
-27
26
20
28
-24
27
26
19
30
30
24
18
22
-36
-32
34
-38
34
-29
32
25
-21
-28
31
-27
-24
-20
26
22
-21
-18
-24
-31
24
27
27
25
-17
26
26
22
-34
32
22
-17
14
-26
-19
35
18
30
-30
-24
23
29
38
27
25
-12
18
28
-41
21
-22
23
-25
-27
-25
-39
44
29
-34
-26
27
-19
-22
22
23
-37
-27
25
-19
30
29
19
-23
-28
13
-24
-35
34
22
24
-24
-27
-32
23
16
19
-16
-34
15
-36
22
21
34
28
-18
-21
19
14
-32
26
-29
14
-38
21
31
23
-20
30
39
-22
25
30
-24
31
21
40
32
-26
28
26
-20
27
43
-33
-30
-24
-34
-37
-17
-24
29
-29
15
23
-23
-23
-24
-17
-18
31
25
24
24
30
21
-44
25
-14
-33
27
34
-28
-22
-26
27
-23
-18
30
-28
21
-22
-23
30
-25
-29
-20
32
30
32
-25
-25
-24
38
10
26
-8
26
-37
23
22
-39
-17
-40
-41
15
-26
-32
30
20
-27
29
24
-16
-34
-20
-37
26
31
-36
-21
-18
34
-31
-24
-19
37
-35
28
13
-26
35
-16
19
-33
-17
15
26
-25
-24
24
-18
-27
19
25
24
-20
17
28
-32
-25
-38
-25
23
-25
24
38
-28
-25
33
27
-34
-30
-24
33
-27
26
-28
-22
-15
19
-18
28
-30
-32
37
-17
34
-31
-28
33
-20
16
32
24
22
19
39
-43
30
-28
-28
20
-22
-42
-39
32
-33
36
-23
-28
26
-22
-23
29
27
31
24
26
-22
36
31
-15
-24
-26
-31
-33
32
-33
-26
16
-25
-25
-21
-17
-30
-22
-18
-22
33
-34
-23
24
-20
28
16
-25
30
28
25
21
28
-34
37
18
-17
25
-23
-35
-31
-26
-25
24
-35
37
27
-34
33
-23
28
30
27
-21
26
14
-33
37
-26
30
21
24
-25
35
-19
29
24
-27
-11
31
22
31
42
26
-24
-27
20
28
26
30
41
-28
33
27
33
22
-23
24
35
-36
-33
-23
17
25
-34
25
24
22
36
21
-39
-28
32
-32
-26
-25
-19
-32
-22
18
-24
-22
26
28
-26
-23
16
21
-19
35
-39
31
18
-28
-23
25
-31
-27
-34
16
-37
35
-29
-19
-12
-37
-28
-25
23
-23
-16
-19
26
28
-24
17
-18
-22
-29
-28
-23
18
-16
25
-30
31
34
-32
-31
28
-24
28
30
19
32
28
-16
18
-31
22
-24
23
-27
-25
-28
-21
28
-24
25
38
16
-31
-35
-25
-19
-17
16
-43
-22
-30
23
-30
-21
22
-22
34
30
-15
28
42
27
32
-9
28
34
23
-34
42
-29
-10
-24
-30
-24
-25
-29
35
-35
28
30
22
-35
-23
-27
32
-24
16
21
35
-33
-24
20
24
-21
-29
31
-34
-28
24
35
-20
30
-25
31
17
28
23
-37
-25
-17
26
47
26
25
-31
28
-38
-37
-33
36
34
33
-23
-31
-18
-16
-26
-39
26
18
35
-28
28
-16
30
32
17
18
19
-23
25
-21
-21
-30
21
10
-19
-19
19
-22
-29
-39
-18
25
29
21
-29
28
-36
18
31
-13
-25
12
-23
23
34
-19
-20
33
23
-25
15
-22
36
23
-34
-25
20
-28
15
29
-25
28
22
17
-29
22
-34
22
-27
34
30
-25
-32
24
-44
31
-24
26
30
37
-31
-15
-28
-26
-37
-15
-14
26
-23
-31
-19
-24
-23
25
28
-27
35
36
-27
25
18
22
-28
-30
29
-27
-29
-32
-23
35
31
27
35
-26
-16
-26
27
-28
-24
22
-17
-20
-39
-28
-22
-37
-33
-34
13
-32
-34
-22
-30
-24
-27
20
-11
18
35
-32
